5
9
10
11
13
17
18
19
20
21
22
23
25
26
27
29
37
41
42
43
45
49
50
51
52
53
54
55
57
58
59
61
69
73
74
75
77
81
82
83
84
85
86
87
89
90
91
93
101
105
106
107
109
113
114
115
116
117
118
119
121
122
123
125
133
137
138
139
141
145
146
147
148
149
150
151
153
154
155
157
165
169
170
171
173
177
178
179
180
181
182
183
185
186
187
189
197
201
202
203
205
209
210
211
212
213
214
215
217
218
219
221
229
233
234
235
237
241
242
243
244
245
246
247
249
250
251
253
261
265
266
267
269
273
274
275
276
277
278
279
281
282
283
285
293
297
298
299
301
305
306
307
308
309
310
311
313
314
315
317
325
329
330
331
333
337
338
339
340
341
342
343
345
346
347
349
357
361
362
363
365
369
370
371
372
373
374
375
377
378
379
381
389
393
394
395
397
401
402
403
404
405
406
407
409
410
411
413
421
425
426
427
429
433
434
435
436
437
438
439
441
442
443
445
453
457
458
459
461
465
466
467
468
469
470
471
473
474
475
477
485
489
490
491
493
497
498
499
500
501
502
503
505
506
507
509
517
521
522
523
525
529
530
531
532
533
534
535
537
538
539
541
549
553
554
555
557
561
562
563
564
565
566
567
569
570
571
573
581
585
586
587
589
593
594
595
596
597
598
599
601
602
603
605
613
617
618
619
621
625
626
627
628
629
630
631
633
634
635
637
645
649
650
651
653
657
658
659
660
661
662
663
665
666
667
669
677
681
682
683
685
689
690
691
692
693
694
695
697
698
699
701
709
713
714
715
717
721
722
723
724
725
726
727
729
730
731
733
741
745
746
747
749
753
754
755
756
757
758
759
761
762
763
765
773
777
778
779
781
785
786
787
788
789
790
791
793
794
795
797
805
809
810
811
813
817
818
819
820
821
822
823
825
826
827
829
837
841
842
843
845
849
850
851
852
853
854
855
857
858
859
861
869
873
874
875
877
881
882
883
884
885
886
887
889
890
891
893
901
905
906
907
909
913
914
915
916
917
918
919
921
922
923
925
933
937
938
939
941
945
946
947
948
949
950
951
953
954
955
957
965
969
970
971
973
977
978
979
980
981
982
983
985
986
987
989
997
1001
1002
1003
1005
1009
1010
1011
1012
1013
1014
1015
1017
1018
1019
1021
