0
1
2
3
4
6
7
8
12
14
15
16
24
28
30
31
32
33
34
35
36
38
39
40
44
46
47
48
56
60
62
63
64
65
66
67
68
70
71
72
76
78
79
80
88
92
94
95
96
97
98
99
100
102
103
104
108
110
111
112
120
124
126
127
128
129
130
131
132
134
135
136
140
142
143
144
152
156
158
159
160
161
162
163
164
166
167
168
172
174
175
176
184
188
190
191
192
193
194
195
196
198
199
200
204
206
207
208
216
220
222
223
224
225
226
227
228
230
231
232
236
238
239
240
248
252
254
255
256
257
258
259
260
262
263
264
268
270
271
272
280
284
286
287
288
289
290
291
292
294
295
296
300
302
303
304
312
316
318
319
320
321
322
323
324
326
327
328
332
334
335
336
344
348
350
351
352
353
354
355
356
358
359
360
364
366
367
368
376
380
382
383
384
385
386
387
388
390
391
392
396
398
399
400
408
412
414
415
416
417
418
419
420
422
423
424
428
430
431
432
440
444
446
447
448
449
450
451
452
454
455
456
460
462
463
464
472
476
478
479
480
481
482
483
484
486
487
488
492
494
495
496
504
508
510
511
512
513
514
515
516
518
519
520
524
526
527
528
536
540
542
543
544
545
546
547
548
550
551
552
556
558
559
560
568
572
574
575
576
577
578
579
580
582
583
584
588
590
591
592
600
604
606
607
608
609
610
611
612
614
615
616
620
622
623
624
632
636
638
639
640
641
642
643
644
646
647
648
652
654
655
656
664
668
670
671
672
673
674
675
676
678
679
680
684
686
687
688
696
700
702
703
704
705
706
707
708
710
711
712
716
718
719
720
728
732
734
735
736
737
738
739
740
742
743
744
748
750
751
752
760
764
766
767
768
769
770
771
772
774
775
776
780
782
783
784
792
796
798
799
800
801
802
803
804
806
807
808
812
814
815
816
824
828
830
831
832
833
834
835
836
838
839
840
844
846
847
848
856
860
862
863
864
865
866
867
868
870
871
872
876
878
879
880
888
892
894
895
896
897
898
899
900
902
903
904
908
910
911
912
920
924
926
927
928
929
930
931
932
934
935
936
940
942
943
944
952
956
958
959
960
961
962
963
964
966
967
968
972
974
975
976
984
988
990
991
992
993
994
995
996
998
999
1000
1004
1006
1007
1008
1016
1020
1022
1023
